ID,AAC_A,AAC_C,AAC_D,AAC_E,AAC_F,AAC_G,AAC_H,AAC_I,AAC_K,AAC_L,AAC_M,AAC_N,AAC_P,AAC_Q,AAC_R,AAC_S,AAC_T,AAC_V,AAC_W,AAC_Y
,,,,,,,,,,,,,,,,,,,,
N1001,5.15,2.24,7.38,7.16,4.25,6.94,1.12,6.71,6.49,8.05,3.13,4.47,4.7,3.58,4.7,5.82,5.15,7.16,0.22,5.59
,,,,,,,,,,,,,,,,,,,,
N1010,12.44,0.25,7.87,8.38,3.81,8.88,2.03,5.33,8.12,9.64,2.28,3.3,3.81,0.51,5.08,2.79,3.3,9.64,0.51,2.03
,,,,,,,,,,,,,,,,,,,,
N1018,7.22,3.33,3.33,2.78,3.33,5,2.78,3.89,6.11,11.11,2.22,8.33,6.67,5.56,3.89,5.56,6.11,9.44,0,3.33
,,,,,,,,,,,,,,,,,,,,
N1022,13.27,0,4.21,8.41,2.59,6.47,1.29,2.91,11,9.71,0.65,3.88,3.56,5.18,1.94,6.15,4.85,8.41,1.29,4.21
,,,,,,,,,,,,,,,,,,,,
N1029,3.82,1.53,8.4,6.87,3.82,4.58,3.82,6.11,7.63,9.16,3.05,0.76,3.82,9.16,9.16,9.16,2.29,3.82,2.29,0.76
,,,,,,,,,,,,,,,,,,,,
N1033,9.42,4.86,7.29,4.86,4.86,7.29,2.74,2.43,8.21,8.81,1.52,3.65,5.17,3.65,3.65,6.38,3.65,6.38,0.91,4.26
,,,,,,,,,,,,,,,,,,,,
N1040,3.6,7.21,5.41,9.01,3.6,4.5,7.21,4.5,6.31,1.8,2.7,2.7,5.41,4.5,3.6,9.01,10.81,5.41,0,2.7
,,,,,,,,,,,,,,,,,,,,
N1043,4.86,0,4.45,10.93,3.24,4.45,0,11.74,6.88,11.74,2.02,5.67,3.64,1.62,8.5,8.91,2.43,4.86,0.4,3.64
,,,,,,,,,,,,,,,,,,,,
N1049,6.7,6.19,6.7,6.19,3.61,6.7,2.06,8.76,9.28,3.61,2.58,3.09,6.19,4.12,3.09,6.7,3.61,5.15,2.06,3.61
,,,,,,,,,,,,,,,,,,,,
N1054,6.6,3.3,2.83,4.72,1.89,13.21,0.94,5.66,4.72,5.19,0,6.13,4.72,4.72,5.66,6.13,3.77,8.49,2.36,8.96
,,,,,,,,,,,,,,,,,,,,
N1059,6.15,1.54,4.62,8.72,6.15,6.67,1.54,4.1,5.64,12.82,3.59,8.21,4.62,4.1,7.18,3.08,3.59,4.62,0.51,2.56
,,,,,,,,,,,,,,,,,,,,
N1064,6.9,0.69,5.52,8.28,7.59,4.83,6.9,1.38,5.52,8.28,0.69,1.38,6.21,4.83,6.9,5.52,4.83,11.72,0.69,1.38
,,,,,,,,,,,,,,,,,,,,
N1068,12.27,0.72,5.78,5.42,3.97,13,1.81,5.05,3.97,10.83,1.44,3.97,4.33,1.08,4.69,5.78,3.61,9.03,0.36,2.89
,,,,,,,,,,,,,,,,,,,,
N1074,5.34,1.53,8.4,6.11,4.58,8.4,0,6.11,10.69,4.58,3.05,3.05,0.76,1.53,5.34,6.87,8.4,12.21,1.53,1.53
,,,,,,,,,,,,,,,,,,,,
N1078,6.2,4.65,3.1,7.75,4.65,2.33,3.88,4.65,9.3,12.4,0.78,4.65,0.78,5.43,6.98,6.2,11.63,2.33,0.78,1.55
,,,,,,,,,,,,,,,,,,,,
N1082,10.85,1.55,9.3,7.75,3.1,12.4,0.78,4.65,12.4,4.65,3.1,3.88,4.65,3.1,0.78,1.55,6.2,5.43,1.55,2.33
,,,,,,,,,,,,,,,,,,,,
N1086,8.74,0.69,4.37,5.06,3.22,8.28,2.76,3.91,5.06,12.41,2.99,4.37,5.52,3.91,4.37,7.36,5.06,5.75,2.07,4.14
,,,,,,,,,,,,,,,,,,,,
N1095,2.71,0.78,4.65,8.91,5.43,7.36,3.1,4.65,4.26,11.63,3.88,3.88,6.2,3.88,5.81,7.36,5.04,6.59,0.39,3.49
,,,,,,,,,,,,,,,,,,,,
N1101,14.72,0,2.16,3.9,3.9,9.52,2.16,6.06,6.06,8.23,0.87,4.33,5.63,7.36,1.3,6.49,4.76,7.79,1.73,3.03
,,,,,,,,,,,,,,,,,,,,
N1106,4.92,2.46,6.15,7.38,3.38,6.15,2.15,6.77,7.69,6.77,2.46,5.85,2.46,3.38,4.31,9.54,6.15,7.69,0,4.31
,,,,,,,,,,,,,,,,,,,,
N1113,6.43,2,3.99,8.65,3.77,6.87,1.55,3.55,5.76,10.2,2.44,3.33,4.88,4.43,5.99,5.76,7.32,6.21,2,4.88
,,,,,,,,,,,,,,,,,,,,
N1122,4.78,1.47,6.62,6.62,4.41,6.62,3.31,6.99,6.62,9.19,2.94,2.94,9.56,2.57,5.88,4.41,4.41,6.62,0.74,3.31
,,,,,,,,,,,,,,,,,,,,
N1128,5.37,1.01,5.37,6.04,5.03,7.72,2.35,4.03,6.71,10.74,2.68,6.04,4.03,4.36,7.05,4.7,4.03,6.38,0.67,5.7
,,,,,,,,,,,,,,,,,,,,
N1134,6.34,0.98,5.85,8.29,5.85,6.83,0.98,6.83,6.34,8.29,1.46,3.9,5.85,0.98,7.32,6.83,1.95,11.22,0.49,3.41
,,,,,,,,,,,,,,,,,,,,
N1139,9.25,0,5.5,7.75,4.5,8.5,2.5,5.25,6.5,7.5,1.75,5.5,5,3.25,5.25,4.5,4,6.75,2,4.75
,,,,,,,,,,,,,,,,,,,,
N1147,1.59,0,3.97,10.32,4.76,9.52,1.59,7.14,13.49,4.76,5.56,4.76,1.59,3.17,1.59,4.76,9.52,9.52,0,2.38
,,,,,,,,,,,,,,,,,,,,
N1151,5.93,0,4.07,4.41,6.27,7.12,1.53,6.95,0.34,9.32,1.02,6.27,5.42,5.08,7.46,9.49,7.63,6.44,1.53,3.73
,,,,,,,,,,,,,,,,,,,,
N1162,8.06,0.54,5.91,8.06,5.91,6.99,0.54,5.91,10.22,6.45,1.08,4.3,3.76,2.15,3.76,10.22,5.38,6.99,0.54,3.23
,,,,,,,,,,,,,,,,,,,,
N1167,10.8,0.94,5.63,8.45,5.63,9.39,2.35,7.04,5.63,10.33,1.88,1.88,2.82,3.29,6.1,4.23,4.23,5.63,0,3.76
,,,,,,,,,,,,,,,,,,,,
N1172,7.12,0.93,9.29,6.81,3.41,6.81,2.17,7.43,8.05,10.84,1.55,2.17,1.86,3.41,5.88,7.74,6.19,4.02,0.62,3.72
,,,,,,,,,,,,,,,,,,,,
N1179,11.31,1.83,5.2,7.03,3.98,9.79,2.14,1.22,2.75,12.84,1.83,1.53,6.12,2.45,7.34,5.81,4.89,9.79,0.31,1.83
,,,,,,,,,,,,,,,,,,,,
N1186,14.65,0.73,7.69,5.86,4.03,11.72,3.66,5.86,4.4,8.79,3.3,2.56,1.1,2.2,5.49,4.76,5.13,6.96,0.37,0.73
,,,,,,,,,,,,,,,,,,,,
N1192,4.69,0.52,5.21,7.81,7.81,6.25,2.08,8.33,7.29,6.77,1.56,5.21,4.69,4.69,7.29,5.73,5.73,6.77,0,1.56
,,,,,,,,,,,,,,,,,,,,
N1197,6.67,1.9,4.76,9.21,3.81,4.13,2.54,6.03,9.21,10.16,1.27,3.81,6.35,5.4,3.17,5.08,5.08,6.35,1.59,3.49
,,,,,,,,,,,,,,,,,,,,
N1204,10.74,1.45,4.96,7.64,4.13,8.68,1.65,5.99,6.82,8.06,2.27,4.55,4.75,2.89,4.34,5.79,5.17,6.82,1.45,1.86
,,,,,,,,,,,,,,,,,,,,
N1214,10.86,1.28,6.07,7.67,0.96,8.95,1.6,6.07,2.56,13.42,1.92,3.51,5.11,3.19,8.63,5.11,3.19,7.67,0.64,1.6
,,,,,,,,,,,,,,,,,,,,
N1221,9.22,1.21,7.52,5.83,5.1,6.31,2.67,6.07,4.13,8.74,3.4,3.88,6.31,2.91,6.07,5.58,5.34,5.1,1.21,3.4
,,,,,,,,,,,,,,,,,,,,
N1229,6.69,1.59,5.73,8.6,4.14,8.28,1.59,5.1,10.83,7.64,4.14,3.5,5.41,2.23,2.87,5.1,4.78,6.05,1.91,3.82
,,,,,,,,,,,,,,,,,,,,
N1236,6.35,0.79,4.76,6.35,2.78,9.13,0.79,9.13,6.75,7.94,0.79,6.75,8.73,5.16,3.97,4.37,3.17,8.33,0,3.97
,,,,,,,,,,,,,,,,,,,,
N1242,8.32,0.92,7.02,5.55,5.18,8.69,1.66,4.99,6.28,8.5,2.03,4.99,4.99,2.77,4.25,4.81,8.32,5.91,1.66,3.14
,,,,,,,,,,,,,,,,,,,,
N1253,11.22,1.43,5.49,6.92,2.63,9.55,2.15,7.4,4.77,9.07,2.39,2.86,3.82,2.86,5.97,4.06,6.44,9.31,0.48,1.19
,,,,,,,,,,,,,,,,,,,,
N1261,4.82,1.2,7.53,6.33,3.61,4.82,3.61,5.72,8.43,10.84,2.41,5.12,3.92,3.61,6.33,3.31,2.71,7.53,1.51,6.63
,,,,,,,,,,,,,,,,,,,,
N1268,13.01,0.27,5.15,5.42,3.79,7.32,1.08,7.05,4.88,8.4,3.52,2.71,3.79,2.98,7.05,6.23,5.69,7.86,1.36,2.44
,,,,,,,,,,,,,,,,,,,,
N1276,11.2,2.32,5.79,4.25,1.93,8.49,0.39,0.77,4.63,17.37,1.93,3.86,4.25,5.79,5.02,8.11,3.86,6.95,0.77,2.32
,,,,,,,,,,,,,,,,,,,,
N1282,6.79,3.62,4.07,2.71,5.43,12.22,1.36,3.17,0.45,9.05,1.36,5.43,6.79,5.43,9.95,6.79,5.88,7.69,0.9,0.9
,,,,,,,,,,,,,,,,,,,,
N1287,6.38,1.01,5.37,5.7,5.37,5.37,3.36,5.37,7.05,13.09,1.68,2.68,6.38,3.02,5.37,4.7,5.7,7.72,1.34,3.36
,,,,,,,,,,,,,,,,,,,,
N1293,12.65,1.2,7.83,8.43,2.41,4.82,1.2,5.42,11.45,6.63,1.81,4.22,3.01,2.41,6.63,4.82,3.01,3.61,0,8.43
,,,,,,,,,,,,,,,,,,,,
N1297,9.14,1.27,4.82,8.63,3.05,8.63,2.28,4.57,3.05,11.68,1.52,1.02,4.31,3.81,9.64,4.82,5.08,7.11,1.52,4.06
,,,,,,,,,,,,,,,,,,,,
N1305,12.6,0.76,4.2,0.76,2.29,9.54,1.15,4.58,8.02,6.87,2.67,5.73,1.91,1.53,3.82,8.4,13.36,6.87,0.38,4.58
,,,,,,,,,,,,,,,,,,,,
N1311,9.49,0.73,4.38,6.2,5.84,5.47,2.92,4.38,2.55,12.41,2.19,4.01,3.28,4.74,9.85,6.2,4.38,5.84,1.09,4.01
,,,,,,,,,,,,,,,,,,,,
N1317,10.64,1.06,3.9,8.51,3.19,7.45,3.9,6.74,4.61,9.22,3.55,4.26,4.26,3.19,4.61,7.09,3.55,8.51,0.35,1.42
,,,,,,,,,,,,,,,,,,,,
N1323,8.11,2.16,5.95,3.24,1.62,11.35,2.7,7.57,9.73,3.78,1.62,4.86,2.16,4.86,5.41,5.41,7.03,5.95,1.62,4.86
,,,,,,,,,,,,,,,,,,,,
N1328,5.56,0,6.48,8.33,0.93,5.56,4.63,2.78,0.93,13.89,2.78,1.85,6.48,9.26,7.41,4.63,2.78,8.33,3.7,3.7
,,,,,,,,,,,,,,,,,,,,
N1331,3.24,1.08,7.03,5.95,1.62,9.73,2.7,1.62,8.11,10.27,0.54,2.7,8.65,3.78,4.32,7.03,4.86,8.65,2.7,5.41
,,,,,,,,,,,,,,,,,,,,
N1336,6.23,0.33,6.89,8.52,3.61,6.23,1.97,7.21,9.51,9.51,0.66,2.95,4.26,2.95,3.93,6.56,6.23,6.89,1.64,3.93
,,,,,,,,,,,,,,,,,,,,
N1343,11.26,0,4.64,9.27,3.97,6.62,7.95,5.96,12.58,11.92,1.32,0.66,2.65,2.65,2.65,3.97,3.31,5.3,1.32,1.99
,,,,,,,,,,,,,,,,,,,,
N1347,5.5,2.88,7.33,8.38,3.14,8.38,3.4,4.71,6.02,7.33,2.88,5.24,4.45,3.14,4.97,7.33,3.4,8.12,1.05,2.36
,,,,,,,,,,,,,,,,,,,,
N1355,7.52,1.77,7.96,9.29,5.31,4.87,1.33,6.64,8.41,7.96,3.1,2.65,4.42,3.98,4.42,3.1,4.42,8.85,0.44,3.54
,,,,,,,,,,,,,,,,,,,,
N1360,6.27,0,13.9,16.08,5.72,3.54,1.36,5.72,6.54,8.99,1.63,3.54,4.63,1.63,1.63,3.81,3,7.08,1.36,3.54
,,,,,,,,,,,,,,,,,,,,
N1368,12.38,0.95,4.76,8.57,3.81,6.67,4.76,3.81,7.62,3.81,4.76,1.9,6.67,0.95,1.9,2.86,7.62,11.43,0.95,3.81
,,,,,,,,,,,,,,,,,,,,
N1371,10.13,0.33,6.86,6.86,3.92,9.48,0.98,5.23,9.8,6.86,3.27,3.27,4.9,3.59,2.61,4.58,5.23,8.5,1.63,1.96
,,,,,,,,,,,,,,,,,,,,
N1378,3.31,1.45,9.32,5.8,5.59,6.83,2.48,7.04,7.04,9.32,1.86,8.28,4.55,1.86,1.45,10.35,3.93,4.35,1.66,3.52
,,,,,,,,,,,,,,,,,,,,
N1388,8.62,1.15,6.9,8.62,4.6,6.32,3.45,2.3,5.17,15.52,1.72,3.45,1.72,6.32,6.32,5.75,3.45,4.6,0.57,3.45
,,,,,,,,,,,,,,,,,,,,
N1392,8.98,0,7.76,5.31,4.49,6.53,2.86,3.67,8.16,4.9,2.04,7.76,2.86,4.08,3.27,4.49,6.12,5.71,3.67,7.35
,,,,,,,,,,,,,,,,,,,,
N1398,4.69,12.5,6.25,4.69,1.56,10.94,3.12,1.56,7.81,3.12,0,6.25,4.69,1.56,4.69,3.12,4.69,6.25,1.56,10.94
,,,,,,,,,,,,,,,,,,,,
N1401,9.35,1.13,6.8,2.27,2.27,10.48,1.7,6.23,6.23,4.53,0.85,9.35,3.4,1.98,2.55,7.08,9.35,7.65,1.98,4.82
,,,,,,,,,,,,,,,,,,,,
N1408,5.41,16.22,10.81,10.81,5.41,8.11,5.41,2.7,5.41,2.7,0,2.7,5.41,0,2.7,13.51,0,0,2.7,0
,,,,,,,,,,,,,,,,,,,,
N1410,8.64,0.31,5.56,5.25,4.01,6.17,3.4,6.79,4.63,8.64,2.16,2.47,4.63,3.7,5.86,6.79,7.72,8.95,0.62,3.7
,,,,,,,,,,,,,,,,,,,,
N1417,7.53,2.15,4.3,8.6,3.76,2.69,1.08,4.84,7.53,12.37,3.23,5.38,4.3,7.53,4.84,8.06,6.45,3.23,0.54,1.61
,,,,,,,,,,,,,,,,,,,,
N1422,8.22,2.05,1.37,4.11,4.79,8.22,2.74,4.11,4.79,9.59,0.68,4.79,4.11,7.53,3.42,11.64,6.85,6.85,0.68,3.42
,,,,,,,,,,,,,,,,,,,,
N1426,14.59,0,6.87,5.15,3.86,6.87,1.29,4.29,9.01,7.3,0.86,3,4.29,3.43,2.58,6.44,6.01,9.87,1.29,3
,,,,,,,,,,,,,,,,,,,,
N1431,13.15,1.59,3.19,5.98,2.39,6.37,2.39,7.57,6.77,6.77,1.2,4.38,3.98,5.18,3.19,5.18,6.37,9.96,1.99,2.39
,,,,,,,,,,,,,,,,,,,,
N1437,1.15,4.02,7.47,5.17,5.17,8.05,2.87,3.45,1.15,7.47,4.02,3.45,4.6,5.75,11.49,7.47,2.87,3.45,2.3,8.62
,,,,,,,,,,,,,,,,,,,,
N1441,11,0.69,6.19,4.47,3.44,6.87,2.41,4.81,3.09,5.84,2.41,4.81,4.12,6.19,1.72,11,9.28,5.5,1.72,4.47
,,,,,,,,,,,,,,,,,,,,
N1447,2.22,0,4.44,5,3.89,7.78,6.67,6.67,7.78,2.78,1.11,10,1.67,5.56,1.11,10.56,10.56,6.11,1.11,5
,,,,,,,,,,,,,,,,,,,,
N1451,8.36,1.82,6.18,8,4,6.55,2.18,7.27,6.55,12.73,1.82,8.36,4,3.27,3.27,5.82,2.91,4.36,1.45,1.09
,,,,,,,,,,,,,,,,,,,,
N1457,4.39,5.26,4.39,3.07,1.75,9.21,2.19,2.19,3.07,7.46,0.44,4.82,8.77,3.51,5.26,10.09,8.33,5.7,5.7,4.39
,,,,,,,,,,,,,,,,,,,,
N1462,9.68,6.45,4.03,4.03,2.42,2.42,3.23,2.42,8.06,1.61,3.23,8.06,3.23,5.65,3.23,12.1,8.06,7.26,0,4.84
,,,,,,,,,,,,,,,,,,,,
N1466,10.45,2.24,4.85,1.87,2.61,13.43,2.24,3.36,1.87,4.85,1.12,6.34,5.22,3.36,4.48,11.94,8.96,5.22,2.61,2.99
,,,,,,,,,,,,,,,,,,,,
N1472,9.59,2.33,5.81,4.07,5.23,11.05,1.16,4.94,1.16,8.14,2.03,3.78,8.43,4.07,4.36,11.05,5.81,5.52,0.58,0.87
,,,,,,,,,,,,,,,,,,,,
N1479,7.33,2,7.33,10.67,5.33,3.33,5.33,2.67,9.33,8,2,4,4,3.33,6.67,2,6.67,3.33,2,4.67
,,,,,,,,,,,,,,,,,,,,
N1483,7.55,1.26,8.18,7.55,1.89,5.03,5.03,8.18,13.84,5.66,3.77,3.14,1.89,3.77,2.52,5.03,5.03,9.43,0,1.26
,,,,,,,,,,,,,,,,,,,,
N1487,7.04,1.41,3.52,7.75,3.52,7.04,1.41,2.82,3.52,9.86,0,3.52,4.23,5.63,6.34,7.75,7.04,15.49,0.7,1.41
,,,,,,,,,,,,,,,,,,,,
N1491,10.04,2.87,5.33,3.89,4.51,11.27,3.69,1.64,1.64,12.91,1.84,1.64,10.04,3.69,4.51,5.74,5.94,4.92,0.61,3.28
,,,,,,,,,,,,,,,,,,,,
N1501,8.01,0.63,6.75,7.22,4.71,8.95,2.51,5.49,2.04,7.06,1.1,3.61,6.12,2.67,7.54,6.28,6.28,8.32,1.88,2.83
,,,,,,,,,,,,,,,,,,,,
N1513,7.97,0.68,5.24,9.57,3.42,7.74,3.19,6.38,2.96,8.88,2.51,3.64,4.1,4.1,7.52,4.78,4.56,7.74,0.91,4.1
,,,,,,,,,,,,,,,,,,,,
N1522,19.86,0.71,5.67,3.55,7.09,11.35,1.42,1.42,7.8,6.38,4.26,4.26,2.13,3.55,1.42,7.09,3.55,4.96,2.84,0.71
,,,,,,,,,,,,,,,,,,,,
N1526,3.49,2.91,8.14,6.98,2.91,5.81,1.74,1.74,5.23,14.53,5.23,2.91,2.91,8.72,5.23,5.81,5.81,4.65,1.16,4.07
,,,,,,,,,,,,,,,,,,,,
N1530,7.74,3.14,8.16,8.79,2.3,8.79,2.3,5.23,9.21,6.07,1.88,3.56,4.81,2.51,5.23,4.6,5.86,5.86,0.84,3.14
,,,,,,,,,,,,,,,,,,,,
N1539,7.64,0.73,5.64,6,5.45,8.18,2.55,6.91,7.27,9.45,2.55,3.45,5.27,2.91,3.64,5.27,5.27,8,0.36,3.45
,,,,,,,,,,,,,,,,,,,,
N1550,4.35,0.87,6.09,8.7,4.35,9.57,7.83,0.87,4.35,6.96,3.48,3.48,5.22,6.09,3.48,6.09,6.96,8.7,1.74,0.87
,,,,,,,,,,,,,,,,,,,,
N1553,12.82,0,7.69,4.49,2.56,9.62,5.13,1.92,1.92,14.1,1.92,1.92,3.85,5.13,7.69,4.49,5.77,8.97,0,0
,,,,,,,,,,,,,,,,,,,,
N1557,6.25,1.25,5,10,3.75,7.5,1.25,8.75,6.25,3.75,5,2.5,6.25,3.75,2.5,6.25,5,13.75,0,1.25
,,,,,,,,,,,,,,,,,,,,
N1560,9.45,7.87,3.15,6.3,0.79,10.24,0.79,5.51,1.57,9.45,1.57,1.57,11.81,1.57,7.87,5.51,6.3,3.94,3.15,1.57
,,,,,,,,,,,,,,,,,,,,
N1564,11.22,6.12,3.06,0,2.04,3.06,0,3.06,6.12,10.2,3.06,7.14,4.08,4.08,0,12.24,14.29,5.1,0,5.1
,,,,,,,,,,,,,,,,,,,,
N1567,14.39,1.14,5.68,4.36,2.84,7.2,2.27,4.73,2.46,9.47,2.65,4.73,7.58,3.98,4.36,6.44,3.79,7.58,1.33,3.03
,,,,,,,,,,,,,,,,,,,,
N1577,12.81,1.11,4.18,6.41,2.51,9.19,1.67,8.08,3.34,10.58,1.11,3.9,5.29,2.79,3.9,6.41,5.57,7.24,0.84,3.06
,,,,,,,,,,,,,,,,,,,,
N1584,10.92,2.87,2.87,5.17,3.45,7.47,2.87,2.3,1.72,19.54,1.72,1.15,6.9,9.2,5.75,6.32,4.6,2.87,0.57,1.72
,,,,,,,,,,,,,,,,,,,,
N1588,6.38,1.06,6.38,2.66,2.39,8.24,0.8,6.12,10.11,5.32,1.6,8.24,3.46,1.86,2.39,10.64,9.57,9.57,1.33,1.86
,,,,,,,,,,,,,,,,,,,,
N1596,6.67,17.78,2.22,0,2.22,6.67,0,0,13.33,11.11,0,6.67,4.44,2.22,8.89,8.89,4.44,2.22,0,2.22
,,,,,,,,,,,,,,,,,,,,
N1598,3.85,2.56,4.49,12.82,1.92,6.41,0.64,7.69,5.77,8.33,1.28,7.05,5.13,3.21,4.49,3.85,7.69,5.77,0.64,6.41
,,,,,,,,,,,,,,,,,,,,
N1602,8.46,0.6,7.25,5.44,4.83,5.74,3.02,4.53,6.04,7.55,1.21,5.74,6.04,5.14,3.63,6.04,4.53,6.65,1.51,6.04
,,,,,,,,,,,,,,,,,,,,
N1609,5,0.62,8.75,8.12,6.56,3.12,1.88,6.25,8.44,10,0.94,4.69,2.81,2.81,4.69,8.44,3.44,6.56,1.88,5
,,,,,,,,,,,,,,,,,,,,
N1616,10.34,10.34,3.45,3.45,6.9,10.34,0,3.45,6.9,3.45,1.72,5.17,6.9,1.72,10.34,1.72,5.17,1.72,0,6.9
,,,,,,,,,,,,,,,,,,,,
N1618,12.9,0.81,5.65,5.65,4.03,11.29,2.42,3.23,10.48,4.84,4.03,5.65,6.45,1.61,0.81,1.61,5.65,10.48,0,2.42
,,,,,,,,,,,,,,,,,,,,
N1622,14.01,4.83,2.9,2.42,3.38,13.53,0.97,3.38,2.9,3.38,1.93,4.35,4.83,4.35,1.45,14.49,4.35,7.25,0,5.31
,,,,,,,,,,,,,,,,,,,,
N1627,9.43,1.89,4.72,9.43,3.77,3.77,4.72,4.72,11.32,5.66,2.83,6.6,1.89,2.83,2.83,9.43,0.94,5.66,2.83,4.72
,,,,,,,,,,,,,,,,,,,,
N1630,6.92,0,5.66,8.81,4.4,8.81,2.52,8.18,9.43,6.29,0.63,5.66,5.03,1.26,1.89,6.92,5.66,7.55,0,4.4
,,,,,,,,,,,,,,,,,,,,
N1634,7.27,18.18,1.82,7.27,0,10.91,1.82,1.82,10.91,3.64,0,5.45,1.82,5.45,3.64,5.45,5.45,5.45,0,3.64
,,,,,,,,,,,,,,,,,,,,
N1636,6.46,1.21,6.67,5.86,4.24,7.68,2.22,5.45,6.06,9.49,2.22,6.06,6.06,4.24,3.84,5.05,3.64,6.46,2.22,4.85
,,,,,,,,,,,,,,,,,,,,
N1646,12.98,1.53,2.29,6.87,3.05,11.45,2.29,5.34,12.21,10.69,1.53,2.29,3.82,7.63,2.29,1.53,2.29,6.11,0.76,3.05
,,,,,,,,,,,,,,,,,,,,
N1650,6.76,0.27,9.73,6.22,4.05,6.76,2.43,5.68,9.73,4.32,2.16,7.03,2.7,2.7,2.43,6.49,6.49,4.32,2.7,7.03
,,,,,,,,,,,,,,,,,,,,
N1658,4.66,1.46,7.29,9.62,6.41,4.66,2.62,7.58,8.45,8.16,2.33,6.41,3.21,2.33,4.66,4.37,2.92,4.37,2.33,6.12
,,,,,,,,,,,,,,,,,,,,
N1665,9.64,1.38,7.44,3.58,3.31,9.92,1.93,3.58,5.23,6.34,1.38,7.16,3.03,3.03,3.58,6.89,6.34,5.51,2.75,7.99
,,,,,,,,,,,,,,,,,,,,
N1673,8.78,0.98,6.34,5.37,4.39,3.9,2.44,7.32,3.9,1.95,0.98,9.27,8.29,4.88,2.93,6.83,5.85,8.78,3.41,3.41
,,,,,,,,,,,,,,,,,,,,
N1678,12.32,0.99,2.96,4.93,1.97,10.34,3.94,7.39,3.94,7.88,3.94,3.45,5.91,4.93,4.93,7.39,2.96,7.88,0.49,1.48
,,,,,,,,,,,,,,,,,,,,
N1683,8.45,0.78,6.89,4.85,4.07,7.2,1.88,5.63,5.01,6.42,2.19,7.51,4.23,2.35,3.91,7.36,6.57,7.04,2.03,5.63
,,,,,,,,,,,,,,,,,,,,
N1695,6.69,2.68,6.02,5.69,4.35,7.02,1,6.02,5.02,11.04,0.67,4.68,5.69,4.35,5.02,7.02,5.02,4.01,1.67,6.35
,,,,,,,,,,,,,,,,,,,,
N1701,9.73,1.01,6.71,5.7,6.04,6.04,3.02,4.03,1.68,8.39,1.01,7.38,8.39,2.01,3.02,9.06,6.04,5.37,1.68,3.69
,,,,,,,,,,,,,,,,,,,,
N1707,24.03,1.55,7.75,7.75,3.88,10.85,1.55,2.33,9.3,6.2,3.1,1.55,2.33,1.55,1.55,3.1,5.43,3.88,0.78,1.55
,,,,,,,,,,,,,,,,,,,,
N1711,17.98,2.25,8.99,6.74,3.37,13.48,2.25,6.74,4.49,5.62,1.12,6.74,2.25,4.49,1.12,0,1.12,5.62,2.25,3.37
,,,,,,,,,,,,,,,,,,,,
N1714,15.99,1.7,5.78,4.42,3.74,6.8,3.06,4.42,3.4,13.27,2.04,3.74,5.44,4.42,3.74,6.46,4.76,2.72,1.02,3.06
,,,,,,,,,,,,,,,,,,,,
N1720,6.32,0.57,2.3,4.6,3.45,9.2,2.87,5.17,4.02,6.32,4.02,13.22,2.87,6.9,4.02,4.02,6.32,5.17,2.3,6.32
,,,,,,,,,,,,,,,,,,,,
N1724,11.6,0.63,5.33,1.57,2.51,10.66,2.82,3.13,1.88,9.72,0.31,4.7,3.13,5.33,3.45,8.15,10.97,10.03,0.94,3.13
,,,,,,,,,,,,,,,,,,,,
N1731,4.3,0,6.45,12.9,3.23,6.45,5.38,5.38,9.68,8.6,0,3.23,3.23,2.15,3.23,8.6,7.53,4.3,1.08,4.3
,,,,,,,,,,,,,,,,,,,,
N1734,7.48,0.75,5.23,6.92,3.36,8.04,2.99,6.17,7.29,6.73,1.5,5.61,3.93,2.99,2.99,9.53,5.61,8.6,0.93,3.36
,,,,,,,,,,,,,,,,,,,,
N1744,7.2,4,4,11.2,2.4,10.4,7.2,4.8,8.8,6.4,3.2,2.4,5.6,0,1.6,3.2,3.2,8.8,2.4,3.2
,,,,,,,,,,,,,,,,,,,,
N1748,4.96,0,4.96,10.74,3.31,8.26,3.31,9.09,6.61,5.79,3.31,6.61,2.48,2.48,5.79,3.31,4.96,9.92,0,4.13
,,,,,,,,,,,,,,,,,,,,
N1752,12.03,1.66,4.56,4.56,2.9,10.37,1.66,3.73,6.22,8.71,3.32,3.32,3.32,3.32,3.32,8.3,7.05,7.47,2.9,1.24
,,,,,,,,,,,,,,,,,,,,
N1758,14.04,0.43,4.26,5.53,4.26,10.21,2.98,2.98,3.83,8.94,1.7,2.13,5.96,5.96,4.26,5.11,2.98,8.09,1.28,5.11
,,,,,,,,,,,,,,,,,,,,
N1763,8.59,3.12,15.62,10.94,1.56,6.25,0.78,5.47,2.34,7.03,3.12,5.47,2.34,3.12,2.34,3.91,1.56,8.59,1.56,6.25
,,,,,,,,,,,,,,,,,,,,
N1767,8.09,0.79,7.1,6.51,4.14,6.31,1.78,4.14,8.48,6.51,2.96,4.54,6.11,4.93,3.35,4.93,4.73,7.5,1.78,5.33
,,,,,,,,,,,,,,,,,,,,
N1777,2.99,1.49,6.72,4.48,3.73,11.19,1.49,12.69,8.21,5.22,2.24,4.48,4.48,7.46,2.24,6.72,5.22,5.22,1.49,2.24
,,,,,,,,,,,,,,,,,,,,
N1781,8.71,0,6.31,5.71,4.5,8.71,3,6.61,6.61,9.01,3.3,4.8,3.9,4.2,1.5,3.3,7.51,6.31,0.9,5.11
,,,,,,,,,,,,,,,,,,,,
N1788,13.58,0.82,4.53,4.53,3.7,6.17,2.06,6.17,6.58,13.17,2.06,2.47,6.58,3.7,4.53,5.35,4.12,7.41,0.82,1.65
,,,,,,,,,,,,,,,,,,,,
N1794,5.63,1.41,6.34,8.45,1.41,6.34,0.7,3.52,10.56,9.15,2.82,3.52,5.63,4.23,3.52,4.23,4.93,10.56,1.41,5.63
,,,,,,,,,,,,,,,,,,,,
N1798,6.05,1.84,6.58,3.42,4.74,7.37,1.84,7.63,5.53,4.74,3.42,10.79,3.68,3.16,3.42,6.32,4.74,6.84,2.89,5
,,,,,,,,,,,,,,,,,,,,
N1806,10.78,1.96,10.13,5.56,4.25,10.46,0.98,3.92,5.56,10.13,0.33,2.94,6.86,6.21,3.92,2.61,5.23,4.9,1.31,1.96
,,,,,,,,,,,,,,,,,,,,
N1813,9.32,0.55,7.12,2.74,3.01,12.05,1.64,4.66,1.37,6.3,0.82,3.84,7.4,4.11,7.12,8.49,8.22,5.75,1.64,3.84
,,,,,,,,,,,,,,,,,,,,
N1821,8.97,1.33,7.31,2.99,5.32,10.96,2.33,2.99,3.65,4.65,2.99,6.64,3.32,2.33,4.98,8.31,5.98,6.31,1.33,7.31
,,,,,,,,,,,,,,,,,,,,
N1828,8.9,0.32,6.68,4.13,4.61,8.74,1.75,3.5,5.72,4.61,2.38,4.45,5.09,5.72,3.02,8.59,6.84,4.29,4.13,6.52
,,,,,,,,,,,,,,,,,,,,
N1840,4.67,0.93,5.61,6.54,4.67,12.15,2.8,4.67,7.48,6.54,2.8,0.93,6.54,4.67,5.61,4.67,6.54,8.41,0.93,2.8
,,,,,,,,,,,,,,,,,,,,
N1843,10.7,1.86,2.79,8.37,1.86,6.05,5.12,6.98,4.19,11.16,2.33,4.65,4.19,2.79,4.65,4.65,6.51,6.98,0.93,3.26
,,,,,,,,,,,,,,,,,,,,
N1848,11.43,3.81,4.76,2.86,3.81,13.33,1.9,2.86,0.95,0,0,9.52,4.76,3.81,1.9,9.52,10.48,5.71,0,8.57
,,,,,,,,,,,,,,,,,,,,
N1851,5.09,2.78,5.09,7.41,3.7,12.5,0.93,2.31,3.24,4.17,0.93,7.41,8.33,4.63,2.31,6.02,9.72,5.56,1.39,6.48
,,,,,,,,,,,,,,,,,,,,
N1856,10.17,1.48,7.2,3.81,3.81,8.05,1.06,4.03,1.69,7.84,0.21,4.45,3.6,3.18,3.18,13.98,8.26,6.36,3.18,4.45
,,,,,,,,,,,,,,,,,,,,
N1865,12.94,0,9.39,4.53,1.94,7.12,0.97,4.85,10.03,7.44,2.27,6.8,3.24,4.85,1.94,4.53,4.21,8.74,1.62,2.59
,,,,,,,,,,,,,,,,,,,,
N1872,7.34,0.92,7.34,5.5,6.88,8.26,0.46,5.96,8.72,7.8,0.92,3.21,8.26,2.75,3.21,4.59,4.59,5.5,3.21,4.59
,,,,,,,,,,,,,,,,,,,,
N1877,6.89,0.94,5.63,1.88,3.76,10.8,1.56,5.16,3.44,4.38,2.03,6.26,6.26,3.44,4.23,11.11,9.55,6.42,2.5,3.76
,,,,,,,,,,,,,,,,,,,,
N1889,3.7,0,5.56,9.88,4.94,10.49,1.85,9.88,5.56,6.79,2.47,3.09,6.79,3.09,2.47,7.41,4.94,11.11,0,0
,,,,,,,,,,,,,,,,,,,,
N1893,6.96,1.27,6.33,8.54,3.48,7.91,1.27,8.23,5.7,10.44,3.16,3.8,5.38,3.48,6.01,3.16,6.01,4.75,1.27,2.85
,,,,,,,,,,,,,,,,,,,,
N1900,4.03,0,6.38,6.71,4.03,5.37,2.01,7.72,8.05,6.71,2.35,8.05,4.7,3.69,3.02,7.72,6.04,4.7,2.35,6.38
,,,,,,,,,,,,,,,,,,,,
N1906,7.1,0,8.88,5.33,4.73,9.47,5.33,5.33,1.18,7.1,1.18,5.33,6.51,5.33,5.33,5.92,5.92,4.73,1.78,3.55
,,,,,,,,,,,,,,,,,,,,
N1910,8.23,0,5.06,7.59,3.8,5.06,2.53,5.7,3.16,13.92,2.53,5.06,7.59,4.43,6.33,3.8,5.7,5.06,1.9,2.53
,,,,,,,,,,,,,,,,,,,,
N1914,9.46,5.41,6.76,5.41,0,9.46,2.7,2.7,1.35,5.41,0,1.35,4.05,4.05,4.05,6.76,10.81,10.81,1.35,8.11
,,,,,,,,,,,,,,,,,,,,
N1917,9.59,0.52,7.51,6.22,4.66,7.51,1.55,6.74,7.51,6.48,1.81,4.66,2.85,3.11,5.7,5.7,6.99,8.03,0.26,2.59
,,,,,,,,,,,,,,,,,,,,
N1925,6.11,0.76,5.34,11.45,2.29,10.69,3.82,5.34,7.63,6.87,0.76,3.05,6.11,0.76,0,9.16,6.11,9.92,1.53,2.29
,,,,,,,,,,,,,,,,,,,,
N1929,6.39,2.74,5.48,3.65,1.83,7.76,5.48,2.28,4.57,10.96,1.37,4.11,7.31,3.2,5.02,8.22,5.48,5.94,4.11,4.11
,,,,,,,,,,,,,,,,,,,,
N1934,6.25,10,5,1.25,0,10,0,11.25,0,18.75,0,7.5,5,2.5,6.25,7.5,5,2.5,0,1.25
,,,,,,,,,,,,,,,,,,,,
N1937,5,2,6.5,5.5,3,8.5,3.5,8,1.5,6,3,5,2.5,5.5,3,8.5,7,6,1.5,8.5
,,,,,,,,,,,,,,,,,,,,
N1942,4.55,0,5.3,10.61,6.06,9.09,0.76,5.3,11.36,6.82,3.03,7.58,0,1.52,4.55,3.03,7.58,8.33,1.52,3.03
,,,,,,,,,,,,,,,,,,,,
N1946,7,2,5,7.5,3.5,8.25,2,6.75,6,10.75,1.5,4.25,3.75,5.25,3.5,7.25,5.25,7,1.25,2.25
,,,,,,,,,,,,,,,,,,,,
N1954,10.13,0.65,4.9,7.52,2.94,10.13,0.98,3.92,4.58,13.4,3.59,1.31,4.25,4.58,3.59,8.17,4.25,7.19,1.63,2.29
,,,,,,,,,,,,,,,,,,,,
N1961,7.33,2.13,6.38,5.67,4.26,5.67,2.84,7.33,5.67,5.91,2.84,3.78,6.86,2.84,7.09,5.2,6.15,5.67,2.6,3.78
,,,,,,,,,,,,,,,,,,,,
N1970,5.8,2.17,4.35,3.62,5.07,5.07,3.62,2.17,2.17,2.9,4.35,7.97,11.59,3.62,2.17,13.77,5.8,10.87,1.45,1.45
,,,,,,,,,,,,,,,,,,,,
N1974,4.94,14.81,5.56,3.09,2.47,12.35,1.23,1.85,4.32,4.94,0,7.41,9.26,4.94,4.32,4.32,5.56,4.94,0,3.7
,,,,,,,,,,,,,,,,,,,,
N1978,6.98,2.33,4.65,3.49,4.65,9.3,2.33,3.49,1.74,11.05,1.16,2.33,4.65,6.4,8.72,12.79,4.07,5.81,2.33,1.74
,,,,,,,,,,,,,,,,,,,,
N1982,8,1.6,8,4.8,3.2,10.4,6.4,9.6,7.2,7.2,2.4,1.6,5.6,4,4,4.8,1.6,7.2,0.8,1.6
,,,,,,,,,,,,,,,,,,,,
N1986,4.76,3.81,3.81,6.67,5.71,7.62,0.95,5.71,7.62,10.48,0.95,1.9,4.76,8.57,4.76,3.81,8.57,8.57,0,0.95
,,,,,,,,,,,,,,,,,,,,
N1989,8.33,1.52,5.3,3.79,2.27,11.36,3.03,2.27,0,4.55,0.76,8.33,6.06,8.33,5.3,9.09,6.06,5.3,1.52,6.82
,,,,,,,,,,,,,,,,,,,,
N1993,14.08,2.82,5.16,1.88,3.76,14.55,3.29,3.29,2.35,5.16,1.88,5.16,3.76,5.16,4.69,7.04,6.1,4.69,1.88,3.29
,,,,,,,,,,,,,,,,,,,,
N1998,2.82,1.41,4.23,7.04,6.34,4.23,2.11,3.52,6.34,7.04,4.23,3.52,4.93,6.34,4.93,9.15,4.93,11.27,1.41,4.23
,,,,,,,,,,,,,,,,,,,,
N2002,8.68,0,7.85,2.89,6.2,7.44,2.48,4.96,4.55,7.85,0,4.96,4.55,1.65,2.89,9.09,8.68,7.44,2.48,5.37
,,,,,,,,,,,,,,,,,,,,
N2008,5.56,4.17,5.56,5.56,4.86,6.94,1.39,2.78,6.25,5.56,0.69,6.25,4.17,4.17,3.47,11.81,4.86,6.94,4.17,4.86
,,,,,,,,,,,,,,,,,,,,
N2012,11.72,0.84,10.46,4.18,4.6,7.95,0.42,5.02,10.46,7.95,1.26,2.09,2.93,4.6,3.35,6.28,5.86,5.02,0.84,4.18
,,,,,,,,,,,,,,,,,,,,
N2017,9.06,0,5.31,2.81,4.38,9.38,2.19,3.75,4.06,8.12,3.12,6.25,5.62,8.12,4.69,4.69,4.06,6.88,2.5,5
,,,,,,,,,,,,,,,,,,,,
N2024,5.3,2.65,6.44,8.33,2.27,8.33,3.41,9.85,6.82,6.06,3.41,3.03,4.17,1.89,4.92,4.55,6.06,9.09,0.38,3.03
,,,,,,,,,,,,,,,,,,,,
N2030,9.5,0.45,4.52,9.95,4.52,6.79,4.52,2.71,2.26,7.24,3.17,4.98,3.17,4.52,5.43,9.95,4.07,6.79,2.71,2.71
,,,,,,,,,,,,,,,,,,,,
N2035,19.86,0,5.48,3.42,10.27,7.53,0.68,2.74,7.53,7.53,2.05,6.16,4.11,1.37,2.74,8.9,1.37,6.85,1.37,0
,,,,,,,,,,,,,,,,,,,,
N2039,17.48,1.62,3.56,6.8,2.59,7.77,1.29,2.91,4.53,8.41,3.56,2.91,5.5,5.18,2.59,4.53,5.18,10.03,1.29,2.27
,,,,,,,,,,,,,,,,,,,,
N2046,9.78,0.82,5.43,7.61,2.17,7.07,3.26,7.07,4.89,12.5,2.45,3.26,3.53,3.8,4.35,7.61,4.08,6.52,0.27,3.53
,,,,,,,,,,,,,,,,,,,,
N2054,5.82,1.11,8.86,3.6,7.2,11.63,0.55,4.43,4.16,6.09,1.11,4.99,4.71,3.6,1.39,9.14,7.76,8.31,0.55,4.99
,,,,,,,,,,,,,,,,,,,,
N2062,11.18,0.6,6.95,9.06,3.93,5.74,2.72,3.63,5.14,7.55,1.81,3.93,5.44,3.02,6.04,3.63,5.14,6.95,2.42,5.14
,,,,,,,,,,,,,,,,,,,,
N2069,5.42,2.41,6.63,12.65,5.42,5.42,3.61,6.63,5.42,9.64,1.81,7.23,1.2,2.41,5.42,6.02,5.42,4.22,0.6,2.41
,,,,,,,,,,,,,,,,,,,,
N2073,3.45,0.34,7.59,7.24,5.86,5.86,3.1,8.28,7.93,7.59,0.34,5.86,5.86,3.1,3.1,6.9,5.86,6.55,1.38,3.79
,,,,,,,,,,,,,,,,,,,,
N2079,2.42,1.61,8.87,4.84,4.84,8.06,2.42,7.26,4.84,2.42,0,2.42,4.84,4.03,4.03,8.87,7.26,11.29,4.03,5.65
,,,,,,,,,,,,,,,,,,,,
N2083,7.89,0.88,6.58,6.58,5.7,2.63,3.95,5.7,7.02,9.21,3.07,8.77,2.19,4.39,2.63,6.14,4.82,6.58,0.88,4.39
,,,,,,,,,,,,,,,,,,,,
N2088,11.22,0,5.1,10.54,2.04,9.52,0.34,3.06,5.1,15.31,2.04,0.68,4.08,3.06,10.2,2.72,4.42,8.5,0.34,1.7
,,,,,,,,,,,,,,,,,,,,
N2094,9.71,0.29,5.88,6.18,3.82,10,4.41,3.53,5,7.06,2.65,4.12,6.76,2.06,3.53,1.76,8.24,10,1.18,3.82
,,,,,,,,,,,,,,,,,,,,
N2101,4.98,1.99,4.98,5.97,3.98,8.46,5.97,2.99,2.99,9.45,2.49,1.99,7.46,2.49,4.98,11.94,5.47,6.47,1,3.98
,,,,,,,,,,,,,,,,,,,,
N2106,7.59,0,7.59,2.95,4.64,6.75,2.53,6.33,5.06,7.59,0.84,5.91,4.64,2.11,2.53,13.08,8.02,7.17,1.69,2.95
,,,,,,,,,,,,,,,,,,,,
N2111,4.38,4.64,5.67,5.41,2.32,7.73,1.8,6.44,4.12,4.64,1.29,6.7,5.67,2.06,6.19,9.02,7.73,5.93,3.61,4.64
,,,,,,,,,,,,,,,,,,,,
N2119,15.61,0,3.41,8.29,1.46,6.34,1.95,3.9,2.93,14.63,1.46,0.49,7.32,3.9,10.24,3.41,1.46,7.8,1.95,3.41
,,,,,,,,,,,,,,,,,,,,
N2124,7.79,0,3.25,8.44,5.19,10.39,1.95,5.19,7.14,8.44,1.3,4.55,5.84,0.65,5.19,6.49,3.9,11.69,0.65,1.95
,,,,,,,,,,,,,,,,,,,,
N2128,5.21,1.23,6.13,5.52,3.99,7.36,1.84,5.21,4.91,4.6,2.45,7.67,4.6,2.76,3.99,9.2,7.98,5.52,1.23,8.59
,,,,,,,,,,,,,,,,,,,,
N2135,10.94,0,0,3.12,1.56,6.25,0,4.69,6.25,6.25,9.38,6.25,9.38,7.81,0,4.69,10.94,10.94,0,1.56
,,,,,,,,,,,,,,,,,,,,
N2138,9.16,2.29,6.11,6.87,3.05,9.92,2.29,5.34,0.76,5.34,5.34,3.05,6.11,7.63,6.87,2.29,3.05,9.92,1.53,3.05
,,,,,,,,,,,,,,,,,,,,
N2142,7.43,0,10.81,14.86,5.41,7.43,1.35,6.08,5.41,8.11,5.41,4.05,1.35,3.38,4.05,3.38,6.08,4.73,0,0.68
,,,,,,,,,,,,,,,,,,,,
N2146,11.85,0,5.93,9.63,3.7,8.89,1.48,5.93,5.93,10.37,2.22,3.7,3.7,2.22,2.22,2.22,6.67,9.63,2.22,1.48
,,,,,,,,,,,,,,,,,,,,
N2150,9.87,1.04,5.71,6.75,2.86,8.31,2.6,5.19,0.52,6.75,1.56,2.86,7.01,4.42,9.35,5.97,3.9,8.57,1.3,5.45
,,,,,,,,,,,,,,,,,,,,
N2158,7.32,1.91,5.1,4.14,4.46,7.96,1.27,6.05,7.01,4.78,0.64,7.96,5.41,2.23,2.87,6.37,10.51,6.05,2.87,5.1
,,,,,,,,,,,,,,,,,,,,
N2165,7.49,1.93,5.31,7.97,4.35,6.04,3.14,6.28,2.9,10.14,2.42,3.14,7.25,5.56,6.28,5.8,4.83,5.8,1.21,2.17
,,,,,,,,,,,,,,,,,,,,
N2173,4.03,2.01,6.04,8.72,5.03,6.04,3.36,5.37,6.71,9.73,3.36,3.02,4.7,3.02,5.03,5.7,5.7,7.38,1.01,4.03
,,,,,,,,,,,,,,,,,,,,
N2179,6.77,3.23,5.81,4.19,4.84,7.74,3.55,4.84,3.55,5.81,5.16,3.55,7.1,2.26,4.84,5.48,7.1,8.39,0.97,4.84
,,,,,,,,,,,,,,,,,,,,
N2186,6.37,5.1,8.28,5.1,3.82,3.82,1.27,5.73,5.73,7.01,0.64,7.01,3.18,5.1,7.64,6.37,3.82,9.55,1.27,3.18
,,,,,,,,,,,,,,,,,,,,
N2190,4.71,0,7.06,11.76,2.35,12.94,1.18,5.88,5.88,8.24,1.18,3.53,4.71,2.35,5.88,4.71,4.71,3.53,1.18,8.24
,,,,,,,,,,,,,,,,,,,,
N2193,7.07,1.01,7.07,8.08,7.07,10.1,2.02,6.06,6.06,6.06,2.02,6.06,5.05,1.01,0,12.12,2.02,9.09,0,2.02
,,,,,,,,,,,,,,,,,,,,
N2196,6.59,1.14,7.73,6.14,5.23,6.59,1.59,6.82,8.64,8.86,1.59,4.32,5.45,5.68,2.27,6.82,5.23,6.36,0.45,2.5
,,,,,,,,,,,,,,,,,,,,
N2205,7.91,2.16,5.76,2.88,3.6,11.51,1.44,5.04,6.47,7.91,4.32,4.32,2.88,2.88,3.6,6.47,8.63,7.91,1.44,2.88
,,,,,,,,,,,,,,,,,,,,
N2209,9.32,11.86,8.47,2.54,3.39,8.47,0.85,3.39,4.24,4.24,0.85,8.47,3.39,3.39,4.24,5.08,4.24,3.39,2.54,7.63
,,,,,,,,,,,,,,,,,,,,
N2212,2.99,7.46,8.21,3.73,3.73,8.21,5.22,2.99,8.96,6.72,2.24,3.73,3.73,0.75,4.48,7.46,8.21,3.73,1.49,5.97
,,,,,,,,,,,,,,,,,,,,
N2216,8.92,0,7.08,6.46,2.77,6.46,0,4.92,8.62,8.31,2.77,7.69,6.46,2.15,2.15,4.92,5.85,5.54,2.46,6.46
,,,,,,,,,,,,,,,,,,,,
N2223,12.11,0,10.03,3.46,5.54,12.11,0,4.5,1.38,4.84,1.04,5.54,0.35,3.11,2.77,8.65,7.61,9,1.38,6.57
,,,,,,,,,,,,,,,,,,,,
N2229,10.23,0,4.55,10.23,2.27,10.23,2.27,6.82,7.95,7.95,4.55,3.41,1.14,3.41,1.14,6.82,6.82,9.09,0,1.14
,,,,,,,,,,,,,,,,,,,,
N2232,3.81,0,4.76,12.38,2.86,4.76,3.81,5.71,5.71,10.48,3.81,0.95,7.62,3.81,7.62,4.76,4.76,3.81,1.9,6.67
,,,,,,,,,,,,,,,,,,,,
N2235,8.18,1.26,8.81,7.55,3.77,6.29,3.14,7.55,3.77,6.92,3.14,3.14,6.29,2.52,5.66,5.66,3.77,6.92,3.14,2.52
,,,,,,,,,,,,,,,,,,,,
N2239,9.62,7.69,11.54,7.69,3.85,9.62,0,0,7.69,1.92,1.92,1.92,11.54,0,0,3.85,3.85,9.62,1.92,5.77
,,,,,,,,,,,,,,,,,,,,
N2241,7.95,0.66,5.96,2.65,6.62,10.6,3.31,4.64,9.27,2.65,1.99,1.99,9.27,1.32,0,3.31,11.26,11.26,1.32,3.97
,,,,,,,,,,,,,,,,,,,,
N2245,5.47,0.5,5.47,12.44,6.97,4.98,1.49,5.97,12.44,8.96,1,3.98,3.48,3.98,2.49,6.97,6.47,2.99,1.49,2.49
,,,,,,,,,,,,,,,,,,,,
N2250,10.79,3.6,6.47,3.6,4.32,12.23,2.88,2.88,4.32,7.19,0,4.32,7.19,2.16,2.88,2.88,8.63,9.35,2.88,1.44
,,,,,,,,,,,,,,,,,,,,
N2254,30,0,0,10,0,0,0,10,23.33,16.67,0,0,0,6.67,0,0,0,0,0,3.33
,,,,,,,,,,,,,,,,,,,,
N2256,8.14,1.02,5.08,7.46,5.08,8.81,2.71,2.37,5.42,8.47,1.69,2.37,6.1,2.03,6.78,7.12,4.41,8.47,2.71,3.73
,,,,,,,,,,,,,,,,,,,,
N2262,6.2,3.1,6.2,6.98,3.1,8.53,3.88,6.98,7.75,6.98,2.33,2.33,6.98,2.33,5.43,5.43,2.33,8.53,1.55,3.1
,,,,,,,,,,,,,,,,,,,,
N2266,15.86,0.32,4.21,7.44,2.59,8.74,1.94,7.77,2.91,8.41,0.97,5.5,4.53,4.53,4.85,4.85,5.5,8.09,0.65,0.32
,,,,,,,,,,,,,,,,,,,,
N2273,9.48,2.37,5.92,2.84,2.13,10.9,1.66,6.16,2.37,6.4,1.9,5.21,3.32,1.18,1.9,10.66,11.37,7.11,2.13,4.98
,,,,,,,,,,,,,,,,,,,,
N2282,3.7,0,8.15,5.93,7.41,8.15,2.22,3.7,9.63,10.37,2.96,3.7,4.44,4.44,2.22,4.44,5.19,8.89,0.74,3.7
,,,,,,,,,,,,,,,,,,,,
N2286,17.58,8.79,2.2,0,0,10.99,0,5.49,4.4,4.4,0,5.49,4.4,1.1,6.59,13.19,6.59,6.59,0,2.2
,,,,,,,,,,,,,,,,,,,,
N2289,10.32,0,8.39,6.13,3.87,6.77,1.94,5.81,9.03,6.77,0,5.81,3.87,3.23,3.55,5.48,5.16,7.74,2.26,3.87
,,,,,,,,,,,,,,,,,,,,
N2296,9.52,0.26,7.14,7.41,5.29,4.23,0.79,5.03,9.26,8.73,2.65,6.35,3.7,3.17,3.7,5.82,4.76,9.26,0.53,2.38
,,,,,,,,,,,,,,,,,,,,
N2304,2.63,3.51,3.51,7.89,1.75,7.89,1.75,7.89,4.39,7.89,3.51,4.39,7.89,4.39,3.51,7.89,4.39,6.14,1.75,7.02
,,,,,,,,,,,,,,,,,,,,
N2307,5.25,2.22,7.07,4.04,5.25,10.3,2.42,5.45,4.65,4.85,2.02,8.28,4.44,2.22,5.66,6.67,4.44,7.07,3.43,4.24
,,,,,,,,,,,,,,,,,,,,
N2317,3.97,2.65,9.93,9.27,4.64,3.31,3.97,5.3,7.28,13.25,1.99,4.64,5.96,3.31,5.3,1.32,4.64,3.97,1.99,3.31
,,,,,,,,,,,,,,,,,,,,
N2321,8.1,3.04,5.06,6.08,2.28,9.11,4.3,3.54,7.09,7.59,2.28,3.8,4.3,2.78,3.54,4.05,9.37,9.11,2.03,2.53
,,,,,,,,,,,,,,,,,,,,
N2329,12.39,0.88,5.31,7.96,4.42,7.96,2.65,4.42,10.62,8.85,0,4.42,5.31,1.77,2.65,7.96,4.42,5.31,0.88,1.77
,,,,,,,,,,,,,,,,,,,,
N2332,11.36,1.89,4.42,1.26,3.15,8.2,0.32,3.47,2.84,9.78,1.26,4.42,9.46,5.68,2.52,9.78,8.52,7.26,1.58,2.84
,,,,,,,,,,,,,,,,,,,,
N2339,9.49,1.27,5.38,6.96,3.16,11.08,3.16,6.96,3.48,9.18,2.22,5.7,2.85,3.16,5.06,4.11,7.91,5.7,0.32,2.85
,,,,,,,,,,,,,,,,,,,,
N2346,4.44,0,11.11,8.89,2.22,5.56,0,8.89,5.56,7.78,1.11,3.33,5.56,2.22,4.44,6.67,13.33,4.44,1.11,3.33
,,,,,,,,,,,,,,,,,,,,
N2349,9.66,2.07,2.76,13.1,3.45,4.83,2.76,8.97,7.59,8.97,3.45,4.83,2.76,6.21,6.21,0.69,0.69,8.28,0,2.76
,,,,,,,,,,,,,,,,,,,,
N2353,7.73,7.73,6.28,2.9,5.31,11.59,0,3.86,5.31,4.35,0.48,4.35,5.8,1.93,5.8,6.76,9.66,4.83,1.45,3.86
,,,,,,,,,,,,,,,,,,,,
N2358,15.03,1.4,5.24,3.15,2.1,8.39,2.8,6.64,2.1,4.2,2.8,6.29,6.99,4.55,4.2,9.09,4.2,4.9,2.8,3.15
,,,,,,,,,,,,,,,,,,,,
N2364,11.67,0.83,6.67,7.5,2.5,5.83,0,11.67,11.67,3.33,8.33,3.33,4.17,2.5,3.33,2.5,3.33,9.17,0,1.67
,,,,,,,,,,,,,,,,,,,,
N2367,9.49,4.38,5.11,7.3,3.65,9.49,1.46,4.38,5.84,7.3,2.19,4.38,2.19,5.11,3.65,4.38,9.49,4.38,2.92,2.92
,,,,,,,,,,,,,,,,,,,,
N2371,5.11,4.26,5.96,5.11,1.7,8.51,2.98,6.38,6.81,8.51,2.13,5.53,6.38,3.4,2.13,6.38,5.96,8.09,1.7,2.98
,,,,,,,,,,,,,,,,,,,,
N2376,10.71,2.68,3.12,0.45,2.23,15.18,0.89,5.8,1.34,5.8,0.45,5.36,4.02,2.23,4.02,16.96,6.7,7.59,1.34,3.12
,,,,,,,,,,,,,,,,,,,,
N2381,6.48,2.78,4.63,5.56,2.78,6.48,0.93,9.26,6.48,9.26,3.7,10.19,1.85,4.63,2.78,6.48,2.78,6.48,0.93,5.56
,,,,,,,,,,,,,,,,,,,,
N2384,6.52,1.3,5.65,11.74,4.78,4.78,3.91,5.22,5.65,9.57,3.04,3.91,5.22,3.48,3.91,6.09,5.22,6.52,0.87,2.61
,,,,,,,,,,,,,,,,,,,,
N2389,2.51,0.54,6.81,11.11,3.41,6.45,2.87,6.63,7.35,6.99,5.02,6.63,3.41,2.69,3.58,5.02,4.12,5.73,2.87,6.27
,,,,,,,,,,,,,,,,,,,,
N2400,8.73,0.36,6.91,6.36,3.45,9.09,1.82,5.09,7.45,8,2.91,4.91,4.73,5.09,3.64,3.82,5.27,7.27,1.27,3.82
,,,,,,,,,,,,,,,,,,,,
N2411,2.86,2.86,5.71,8.57,2.86,4.29,1.43,5.71,10,11.43,7.14,2.86,7.14,2.86,2.86,7.14,8.57,4.29,0,1.43
,,,,,,,,,,,,,,,,,,,,
N2414,15.07,0,4.11,4.79,3.42,3.42,0.68,2.05,2.74,10.27,6.16,8.9,2.05,11.64,4.79,6.85,6.16,2.05,0.68,4.11
,,,,,,,,,,,,,,,,,,,,
N2418,9.65,2.05,7.19,4.72,4.52,11.7,1.64,2.67,1.85,8.21,2.67,3.08,5.95,2.67,6.98,6.37,6.57,6.37,1.03,4.11
,,,,,,,,,,,,,,,,,,,,
N2420,9.62,4.49,4.49,6.2,2.56,9.4,2.56,2.99,3.85,8.76,2.35,3.85,7.05,3.21,6.41,7.26,5.77,7.05,1.5,0.64
,,,,,,,,,,,,,,,,,,,,
N2422,8.87,3.1,5.99,7.98,4.43,5.99,2.22,5.1,7.98,10.42,2.88,2.66,3.1,2.66,5.76,7.54,6.87,3.77,0.44,2.22
,,,,,,,,,,,,,,,,,,,,
N2424,6.73,1.45,5.11,7.01,4.15,6.56,2.62,6.24,4.91,9.67,2.98,3.83,5.28,4.19,6.4,6.65,5.07,6.97,1.13,3.06
,,,,,,,,,,,,,,,,,,,,
N2426,6.9,1.33,4.24,4.51,4.24,6.9,3.71,8.75,3.98,8.22,2.65,4.24,3.18,3.71,4.77,8.49,7.16,5.84,1.59,5.57
,,,,,,,,,,,,,,,,,,,,
N2428,7.46,2.19,5.26,5.7,4.82,4.82,1.75,3.51,7.02,7.89,1.75,10.53,7.02,3.95,4.82,7.46,2.19,6.14,3.07,2.63
,,,,,,,,,,,,,,,,,,,,
N2430,9.61,1.29,2.59,4.81,4.07,6.47,1.11,6.1,2.22,10.91,2.59,4.44,5.36,5.55,4.99,9.43,5.91,7.39,1.85,3.33
,,,,,,,,,,,,,,,,,,,,
N2432,11.06,0.96,5.77,6.41,2.88,7.85,1.28,5.29,5.61,8.65,1.92,3.53,4.01,2.72,5.45,8.01,5.13,11.54,0.32,1.6
,,,,,,,,,,,,,,,,,,,,
N2434,10.23,4.55,3.98,5.11,0.57,7.39,2.27,3.41,6.82,7.39,2.27,0.57,12.5,3.41,5.11,6.82,5.68,10.8,0.57,0.57
,,,,,,,,,,,,,,,,,,,,
N2436,8.06,1.61,4.03,3.23,7.26,8.87,1.61,10.48,4.84,13.71,1.61,3.23,1.61,0.81,4.84,6.45,4.03,9.68,0.81,3.23
,,,,,,,,,,,,,,,,,,,,
N2438,13.58,1.45,7.23,4.05,2.6,6.36,0.87,2.31,5.49,9.25,0.87,5.2,4.62,5.49,3.76,8.09,6.07,6.94,1.45,4.34
,,,,,,,,,,,,,,,,,,,,
N2440,13.92,0,7.39,7.95,2.56,4.26,1.14,1.42,1.14,13.92,1.42,0.57,4.83,11.36,9.09,6.25,3.69,4.83,1.14,3.12
,,,,,,,,,,,,,,,,,,,,
N2442,11.87,0.51,1.52,1.52,6.82,11.62,1.77,8.84,3.28,12.88,3.79,1.01,3.54,1.77,2.02,8.33,5.05,9.85,1.77,2.27
,,,,,,,,,,,,,,,,,,,,
N2444,8.55,2.23,6.69,7.06,4.46,6.69,4.46,4.83,4.09,9.67,3.35,2.6,5.58,3.72,4.09,6.69,2.97,7.43,0.74,4.09
,,,,,,,,,,,,,,,,,,,,
N2446,7.99,0.35,6.94,5.9,3.47,5.21,3.47,7.99,9.38,9.38,3.12,4.17,3.47,3.82,3.82,5.9,3.47,8.33,0.35,3.47
,,,,,,,,,,,,,,,,,,,,
N2448,5.21,1.04,1.04,3.12,9.38,8.33,1.04,9.38,2.08,14.58,3.12,5.21,3.12,2.08,3.12,5.21,5.21,13.54,1.04,3.12
,,,,,,,,,,,,,,,,,,,,
N2450,6.68,1.67,5.85,8.56,3.34,6.89,1.46,8.35,5.43,8.35,3.13,6.47,2.51,3.76,7.1,5.43,6.47,5.64,0.42,2.51
,,,,,,,,,,,,,,,,,,,,
N2452,9.45,0.39,1.57,3.15,10.24,8.27,2.36,8.66,5.51,11.42,5.51,5.51,3.15,1.18,1.97,6.69,3.94,5.51,1.57,3.94
,,,,,,,,,,,,,,,,,,,,
N2454,8.95,0,7.78,2.72,4.28,10.51,2.33,5.45,5.06,8.17,0.78,7.39,1.17,3.5,2.33,6.61,7.78,6.23,1.17,7.78
,,,,,,,,,,,,,,,,,,,,
N2456,4.96,1.75,6.41,6.41,4.37,7.58,2.33,8.16,5.25,8.16,2.33,4.08,3.21,2.92,7,7.29,2.92,9.04,0.58,5.25
,,,,,,,,,,,,,,,,,,,,
N2458,9.47,0.83,6.76,5.83,3.23,9.57,1.87,4.58,4.68,7.49,1.66,4.47,6.24,3.43,5.2,5.41,5.62,9.16,1.04,3.43
,,,,,,,,,,,,,,,,,,,,
N2460,6.69,1.12,5.42,9.56,3.67,5.82,1.43,3.82,8.29,10.92,3.51,3.59,10.04,4.78,4.46,6.06,3.51,5.98,0.24,1.12
,,,,,,,,,,,,,,,,,,,,
N2462,3.45,2.3,2.3,7.47,4.02,5.75,1.72,7.47,10.34,9.77,5.75,5.75,2.3,4.02,5.75,4.02,4.6,7.47,0.57,5.17
,,,,,,,,,,,,,,,,,,,,
N2464,5.26,1.7,4.97,8.52,3.84,5.26,2.41,2.98,4.69,14.63,1.85,1.85,6.25,5.11,6.11,8.81,4.69,6.53,1.28,3.27
,,,,,,,,,,,,,,,,,,,,
N2466,12.36,0.94,6.26,10.17,3.76,6.89,1.56,2.03,3.13,11.58,2.03,3.6,4.69,6.1,5.32,6.89,3.6,4.54,2.19,2.35
,,,,,,,,,,,,,,,,,,,,
N2468,6.65,2.13,4.52,3.99,7.18,7.98,4.26,2.93,2.13,12.5,2.39,3.72,6.65,4.52,5.05,6.91,5.59,5.85,2.93,2.13
,,,,,,,,,,,,,,,,,,,,
N2470,14.29,5.49,2.2,4.4,2.2,17.58,2.2,4.4,0,8.79,4.4,1.1,7.69,4.4,7.69,2.2,2.2,7.69,0,1.1
,,,,,,,,,,,,,,,,,,,,
N2472,3.36,3.78,3.36,4.2,8.82,3.78,3.36,8.82,10.08,6.3,3.78,7.98,2.94,1.26,3.78,5.46,4.62,4.62,0.84,8.82
,,,,,,,,,,,,,,,,,,,,
N2474,6.6,1.74,1.04,5.56,7.64,6.6,2.08,5.9,3.47,14.93,1.74,3.12,3.82,2.78,3.12,10.07,5.9,6.6,2.78,4.51
,,,,,,,,,,,,,,,,,,,,
N2476,7.74,1.55,5.11,4.04,4.1,8.75,2.29,4.31,3.7,7.34,2.96,3.5,7.81,3.5,6.93,9.08,5.85,6.8,1.28,3.36
,,,,,,,,,,,,,,,,,,,,
N2478,1.68,3.35,5.03,7.26,3.35,1.12,2.79,8.38,6.7,15.64,3.91,7.26,1.12,5.03,6.15,8.94,5.59,1.68,0,5.03
,,,,,,,,,,,,,,,,,,,,
N2480,4.69,7.42,5.27,6.45,3.71,5.66,3.12,5.27,5.08,8.4,1.37,4.88,4.1,2.73,3.12,14.06,4.1,6.05,1.76,2.73
,,,,,,,,,,,,,,,,,,,,
N2482,5.41,0.45,4.05,9.01,3.6,2.7,2.25,5.86,9.91,13.96,3.15,5.41,0.9,8.11,5.86,8.56,3.15,5.41,0.9,1.35
,,,,,,,,,,,,,,,,,,,,
N2484,4.18,0.45,1.19,2.09,4.33,4.63,0.75,4.78,0.15,4.48,1.19,3.43,6.42,1.04,1.04,29.4,20.45,5.82,0.45,3.73
,,,,,,,,,,,,,,,,,,,,
N2486,6.86,0,9.03,13.71,3.51,3.68,1,4.18,8.19,6.69,2.01,5.85,4.18,4.68,4.68,8.86,5.18,5.52,0.5,1.67
,,,,,,,,,,,,,,,,,,,,
N2488,7.18,2.01,4.89,4.89,4.02,4.02,1.15,6.32,6.32,12.36,1.15,4.31,8.62,3.45,4.31,7.18,7.18,7.47,1.15,2.01
,,,,,,,,,,,,,,,,,,,,
N2490,5.3,2.65,3.97,5.3,5.96,9.27,0,5.3,9.27,8.61,2.65,3.97,0.66,5.96,9.93,3.97,7.28,5.3,1.99,2.65
,,,,,,,,,,,,,,,,,,,,
N2492,3.78,3.2,5.23,5.23,5.52,3.49,5.52,6.1,5.81,6.4,2.03,9.01,6.98,3.2,4.65,7.56,6.4,4.65,1.45,3.78
,,,,,,,,,,,,,,,,,,,,
N2494,11.61,0,5.36,10.71,0.89,1.79,2.68,6.25,10.71,9.82,4.46,1.79,0,9.82,3.57,8.93,5.36,4.46,0,1.79
,,,,,,,,,,,,,,,,,,,,
N2496,5.5,2,6.5,6,2.5,7,1.5,5,8.5,10,1.5,3,2.5,4,3,16,5,6,0.5,4
,,,,,,,,,,,,,,,,,,,,
N2498,5.45,0.48,4.84,14.89,1.33,2.14,1.73,5.73,12.42,13.07,2.38,5.57,1.37,7.66,5.41,5.69,3.99,3.87,0.4,1.57
,,,,,,,,,,,,,,,,,,,,
N2500,5.97,0.85,4.83,7.67,3.12,5.97,2.84,4.55,7.39,9.66,3.69,4.26,3.69,8.81,3.69,7.67,4.55,6.25,0.57,3.98
,,,,,,,,,,,,,,,,,,,,
N2502,7.19,1.85,2.87,3.7,7.6,7.6,1.85,7.6,4.72,12.53,2.26,3.29,3.7,2.46,2.46,9.03,7.39,5.75,2.26,3.9
,,,,,,,,,,,,,,,,,,,,
N2504,10.83,2.53,2.89,2.53,4.69,8.3,3.61,4.69,1.81,11.55,1.81,3.25,7.22,2.53,5.78,9.03,3.97,7.94,2.89,2.17
,,,,,,,,,,,,,,,,,,,,
N2506,9.93,0.66,8.61,5.96,2.65,7.95,0.66,3.97,9.27,7.95,2.65,5.3,2.65,3.97,3.97,8.61,3.31,9.27,0.66,1.99
,,,,,,,,,,,,,,,,,,,,
N2508,3.36,4.7,2.68,5.37,4.7,10.07,2.01,1.34,2.01,15.44,1.34,0.67,10.07,6.04,5.37,11.41,6.71,4.7,1.34,0.67
,,,,,,,,,,,,,,,,,,,,
N2510,3.59,1.47,5.56,6.05,2.78,5.72,1.8,7.84,6.54,7.68,2.45,8.33,2.29,4.58,5.07,12.91,6.21,5.23,1.96,1.96
,,,,,,,,,,,,,,,,,,,,
N2512,5.6,0.27,6.13,9.07,3.73,5.07,3.73,4.8,7.47,13.6,0.53,3.47,3.47,7.47,5.6,3.73,5.07,8.53,0.8,1.87
,,,,,,,,,,,,,,,,,,,,
N2514,6.38,3.4,9.36,5.96,5.11,5.96,1.7,6.38,7.66,9.79,2.55,4.26,5.96,0.85,4.68,4.26,6.81,5.96,1.7,1.28
,,,,,,,,,,,,,,,,,,,,
N2516,7.62,0.95,7.14,8.1,1.9,6.43,1.67,5,4.52,10,4.05,5.24,3.57,5.48,4.52,9.29,7.62,5.71,0,1.19
,,,,,,,,,,,,,,,,,,,,
N2518,8.76,0.73,7.3,7.66,3.65,9.12,1.82,4.38,12.04,4.74,2.92,4.01,3.65,2.55,4.74,5.47,4.74,8.03,0.73,2.92
,,,,,,,,,,,,,,,,,,,,
N2520,10,0,3.75,10,7.5,5,2.5,6.25,6.25,10,6.25,1.25,0,8.75,3.75,6.25,5,3.75,1.25,2.5
,,,,,,,,,,,,,,,,,,,,
N2522,5.93,1.53,5.74,7.27,5.35,9.18,1.91,4.97,6.31,9.37,3.82,3.44,4.97,2.87,5.93,5.54,4.59,6.12,1.72,3.44
,,,,,,,,,,,,,,,,,,,,
N2524,7.14,0.6,5.95,7.14,2.38,6.55,1.19,5.36,7.14,10.12,3.57,5.36,4.17,4.76,4.17,7.74,5.95,7.14,0.6,2.98
,,,,,,,,,,,,,,,,,,,,
N2526,4.98,0.9,7.24,10.41,2.71,4.75,1.58,5.2,13.35,8.14,1.36,4.75,4.98,3.17,6.11,7.47,3.85,7.47,0.45,1.13
,,,,,,,,,,,,,,,,,,,,
N2528,6.29,5.71,5.14,2.57,4,5.43,0.86,5.43,4.57,11.71,0.57,7.71,4.86,4.29,2.57,11.71,7.14,6.29,0.86,2.29
,,,,,,,,,,,,,,,,,,,,
N2530,4.31,2.5,4.31,9.32,3.76,5.7,2.09,5.01,9.04,11.68,2.78,3.76,3.06,3.2,4.87,7.23,4.87,8.76,2.23,1.53
,,,,,,,,,,,,,,,,,,,,
N2532,4.6,1.06,6.19,9.38,4.96,7.26,1.42,4.07,2.83,7.08,0.35,4.96,3.72,8.5,11.15,9.38,3.54,7.26,0.88,1.42
,,,,,,,,,,,,,,,,,,,,
N2534,7.59,0.84,5.91,10.55,3.8,3.38,5.49,5.91,10.13,8.44,1.69,3.38,3.38,5.06,5.06,6.75,0.42,10.13,0.42,1.69
,,,,,,,,,,,,,,,,,,,,
N2536,13.21,8.49,2.83,9.43,5.66,3.77,0,3.77,8.49,9.43,6.6,2.83,3.77,1.89,3.77,4.72,5.66,3.77,0,1.89
,,,,,,,,,,,,,,,,,,,,
N2538,10,3,5,8.5,5.5,8.25,1.75,4.5,5.25,8.5,3,2.75,5.5,1.5,3.25,7.75,4.75,6.75,0.75,3.75
,,,,,,,,,,,,,,,,,,,,
N2540,7.37,3.16,6.32,5.26,5.26,3.16,1.05,7.37,7.37,7.37,4.21,7.37,2.11,5.26,2.11,4.21,5.26,11.58,1.05,3.16
,,,,,,,,,,,,,,,,,,,,
N2542,6.89,1.53,7.04,9.34,3.06,7.81,2.76,5.82,3.06,10.57,3.52,2.3,5.36,1.68,8.58,5.97,3.98,7.04,0.46,3.22
,,,,,,,,,,,,,,,,,,,,
N2544,4.88,2.44,6.1,7.32,7.32,4.27,2.44,8.54,6.71,5.49,2.44,3.66,4.27,5.49,9.15,4.27,5.49,6.71,0,3.05
,,,,,,,,,,,,,,,,,,,,
N2546,9.4,0.57,2.85,3.99,7.98,7.98,0.28,12.25,1.14,11.97,2.56,2.28,3.7,0.57,6.27,7.41,4.56,9.4,1.71,3.13
,,,,,,,,,,,,,,,,,,,,
N2548,4,1.5,5,8.75,2.5,15.25,1.25,11,6,6.5,3.25,5.5,4,2,4.5,5.5,3.25,6,0.75,3.5
,,,,,,,,,,,,,,,,,,,,
N2550,8.41,1.8,7.21,7.21,1.8,11.11,3,9.61,4.5,7.81,4.8,2.4,2.4,0.6,6.01,6.01,5.71,6.61,0.6,2.4
